function M=ejet;
M =[    0.2229         0    0.0617
        0.2815         0    0.1321
        0.3401         0    0.2024  
        0.3987         0    0.2727
        0.4573         0    0.3430
        0.5309         0    0.4314
        0.6188         0    0.5369
        0.7067         0    0.6423
        0.7946         0    0.7478
        0.8825         0    0.8533
        0.8948         0    0.9056
        0.8644         0    0.9279
        0.8339         0    0.9502
        0.8034         0    0.9724
        0.7730         0    0.9947
        0.6854         0    1.0000
        0.5799         0    1.0000
        0.4744         0    1.0000  
        0.3690         0    1.0000
        0.2635         0    1.0000
        0.2058    0.1100    1.0000
        0.1542    0.2342    1.0000
        0.1026    0.3585    1.0000
        0.0511    0.4827    1.0000
             0    0.6064    1.0000
             0    0.6767    1.0000
             0    0.7470    1.0000
             0    0.8173    1.0000
             0    0.8876    1.0000
             0    0.9500    0.9780
             0    0.9605    0.8127
             0    0.9711    0.6475
             0    0.9816    0.4823  
             0    0.9922    0.3170
        0.0527    0.9997    0.1840
        0.2578    0.9985    0.1442
        0.4629    0.9974    0.1044
        0.6680    0.9962    0.0645
        0.8730    0.9950    0.0247
        1.0000    0.9809         0
        1.0000    0.9457         0
        1.0000    0.9106         0
        1.0000    0.8754         0
        1.0000    0.8403         0
        1.0000    0.7874         0
        1.0000    0.7171         0
        1.0000    0.6467         0
        1.0000    0.5764         0  
        1.0000    0.5061         0
        1.0000    0.4181         0
        1.0000    0.3197         0
        1.0000    0.2213         0
        1.0000    0.1228         0
        1.0000    0.0244         0
        1.0000    0.0926    0.0926
        1.0000    0.2156    0.2156
        1.0000    0.3387    0.3387
        1.0000    0.4617    0.4617
        1.0000    0.5848    0.5848
        1.0000    0.6719    0.6719
        1.0000    0.7539    0.7539
        1.0000    0.8359    0.8359
        1.0000    0.9180    0.9180  
        1.0000    1.0000    1.0000];
